0.11016 100
0.13448 66.6667
0.13864 100
0.1588 57.1429
0.16296 71.4286
0.16712 85.7143
0.17128 77.7778
0.18312 53.3333
0.18728 60
0.19144 66.6667
0.1956 64.7059
0.19976 63.1579
0.20392 61.9048
0.20808 60.8696
0.21224 60
0.2164 59.2593
0.22056 58.6207
0.22472 58.0645
0.22888 57.5758
0.23304 57.1429
0.2372 56.7568
0.24136 56.4103
0.24552 57.5
0.24968 58.5366
0.25384 59.5238
0.258 60.4651
0.26216 61.3636
0.26632 62.2222
0.27048 63.0435
0.27464 63.8298
0.2788 64.5833
0.28296 65.3061
0.28712 66
0.29128 66.6667
0.29544 67.3077
0.2996 67.9245
0.30376 68.5185
0.30792 69.0909
0.31208 69.6429
0.31624 70.1754
0.3204 70.6897
0.32456 71.1864
0.32872 71.6667
0.33288 72.1311
0.33704 72.5806
0.3412 73.0159
0.34536 73.4375
0.34952 73.8462
0.35368 74.2424
0.35784 74.6269
0.362 75
0.36616 75.3623
0.37032 75.7143
0.37448 76.0563
0.37864 76.3889
0.3828 76.7123
0.38696 77.027
0.39112 77.3333
0.39528 77.6316
0.39944 77.9221
0.4036 78.2051
0.40776 78.481
0.41192 78.75
0.41608 79.0123
0.42024 79.2683
0.4244 79.5181
0.42856 79.7619
0.43272 80
0.43688 80.2326
0.44104 80.4598
0.4452 80.6818
0.44936 80.8989
0.45352 81.1111
0.45768 81.3187
0.46184 81.5217
0.466 81.7204
0.47016 81.9149
0.47432 82.1053
0.47848 82.2917
0.48264 82.4742
0.4868 82.6531
0.49096 82.8283
0.49512 83
0.49928 83.1683
0.50344 83.3333
0.5076 83.4951
0.51176 83.6538
0.51592 83.8095
0.52008 83.9623
0.52424 84.1121
0.5284 84.2593
0.53256 84.4037
0.53672 84.5455
0.54088 84.6847
0.54504 84.8214
0.5492 84.9558
0.55336 85.0877
0.55752 85.2174
0.56168 85.3448
0.56584 85.4701
0.57 85.5932
0.57416 85.7143
0.57832 85.8333
0.58248 85.9504
0.58664 86.0656
0.5908 86.1789
0.59496 86.2903
0.59912 86.4
0.60328 86.5079
0.60744 86.6142
0.6116 86.7188
0.61576 86.8217
0.61992 86.9231
0.62408 87.0229
0.62824 87.1212
0.6324 87.218
0.63656 87.3134
0.64072 87.4074
0.64488 87.5
0.64904 87.5912
0.6532 87.6812
0.65736 87.7698
0.66152 87.8571
0.66568 87.9433
0.66984 88.0282
0.674 88.1119
0.67816 88.1944
0.68232 88.2759
0.68648 88.3562
0.69064 88.4354
0.6948 88.5135
0.69896 88.5906
0.70312 88.6667
0.70728 88.7417
0.71144 88.8158
0.7156 88.8889
0.71976 88.961
0.72392 89.0323
0.72808 89.1026
0.73224 89.172
0.7364 89.2405
0.74056 89.3082
0.74472 89.375
0.74888 89.441
0.75304 89.5062
0.7572 89.5706
0.76136 89.6341
0.76552 89.697
0.76968 89.759
0.77384 89.8204
0.778 89.881
0.78216 89.9408
0.78632 90
0.79048 90.0585
0.79464 90.1163
0.7988 90.1734
0.80296 90.2299
0.80712 90.2857
0.81128 90.3409
0.81544 90.3955
0.8196 90.4494
0.82376 90.5028
0.82792 90.5556
0.83208 90.6077
0.83624 90.6593
0.8404 90.7104
0.84456 90.7609
0.84872 90.8108
0.85288 90.8602
0.85704 90.9091
0.8612 90.9574
0.86536 91.0053
0.86952 91.0526
0.87368 91.0995
0.87784 91.1458
0.882 91.1917
0.88616 91.2371
0.89032 91.2821
0.89448 91.3265
0.89864 91.3706
0.9028 91.4141
0.90696 91.4573
0.91112 91.5
0.91528 91.5423
0.91944 91.5842
0.9236 91.6256
0.92776 91.6667
0.93192 91.7073
0.93608 91.7476
0.94024 91.7874
0.9444 91.8269
0.94856 91.866
0.95272 91.9048
0.95688 91.9431
0.96104 91.9811
0.9652 92.0188
0.96936 92.0561
0.97352 92.093
0.97768 92.1296
0.98184 92.1659
0.986 92.2018
0.99016 92.2374
0.99432 92.2727
0.99848 92.3077
1.00264 92.3423
1.0068 92.3767
1.01096 92.4107
1.01512 92.4444
1.01928 92.4779
1.02344 92.511
1.0276 92.5439
1.03176 92.5764
1.03592 92.6087
1.04008 92.6407
1.04424 92.6724
1.0484 92.7039
1.05256 92.735
1.05672 92.766
1.06088 92.7966
1.06504 92.827
1.0692 92.8571
1.07336 92.887
1.07752 92.9167
1.08168 92.9461
1.08584 92.9752
1.09 93.0041
1.09416 93.0328
1.09832 93.0612
1.10248 93.0894
1.10664 93.1174
1.1108 93.1452
1.11496 93.1727
1.11912 93.2
1.12328 93.2271
1.12744 93.254
1.1316 93.2806
1.13576 93.3071
1.13992 93.3333
1.14408 93.3594
1.14824 93.3852
1.1524 93.4109
1.15656 93.4363
1.16072 93.4615
1.16488 93.4866
1.16904 93.5115
1.1732 93.5361
1.17736 93.5606
1.18152 93.5849
1.18568 93.609
1.18984 93.633
1.194 93.6567
1.19816 93.6803
1.20232 93.7037
1.20648 93.7269
1.21064 93.75
1.2148 93.7729
1.21896 93.7956
1.22312 93.8182
1.22728 93.8406
1.23144 93.8628
1.2356 93.8849
1.23976 93.9068
1.24392 93.9286
1.24808 93.9502
1.25224 93.9716
1.2564 93.9929
1.26056 94.0141
1.26472 94.0351
1.26888 94.0559
1.27304 94.0767
1.2772 94.0972
1.28136 94.1176
1.28552 94.1379
1.28968 94.1581
1.29384 94.1781
1.298 94.198
1.30216 94.2177
1.30632 94.2373
1.31048 94.2568
1.31464 94.2761
1.3188 94.2953
1.32296 94.3144
1.32712 94.3333
1.33128 94.3522
1.33544 94.3709
1.3396 94.3894
1.34376 94.4079
1.34792 94.4262
1.35208 94.4444
1.35624 94.4625
1.3604 94.4805
1.36456 94.4984
1.36872 94.5161
1.37288 94.5338
1.37704 94.5513
1.3812 94.5687
1.38536 94.586
1.38952 94.6032
1.39368 94.6203
1.39784 94.6372
1.402 94.6541
1.40616 94.6708
1.41032 94.6875
1.41448 94.704
1.41864 94.7205
1.4228 94.7368
1.42696 94.7531
1.43112 94.7692
1.43528 94.7853
1.43944 94.8012
1.4436 94.8171
1.44776 94.8328
1.45192 94.8485
1.45608 94.864
1.46024 94.8795
1.4644 94.8949
1.46856 94.9102
1.47272 94.9254
1.47688 94.9405
1.48104 94.9555
1.4852 94.9704
1.48936 94.9853
1.49352 95
1.49768 95.0147
1.50184 95.0292
1.506 95.0437
1.51016 95.0581
1.51432 95.0725
1.51848 95.0867
1.52264 95.1009
1.5268 95.1149
1.53096 95.1289
1.53512 95.1429
1.53928 95.1567
1.54344 95.1705
1.5476 95.1841
1.55176 95.1977
1.55592 95.2113
1.56008 95.2247
1.56424 95.2381
1.5684 95.2514
1.57256 95.2646
1.57672 95.2778
1.58088 95.2909
1.58504 95.3039
1.5892 95.3168
1.59336 95.3297
1.59752 95.3425
1.60168 95.3552
1.60584 95.3678
1.61 95.3804
1.61416 95.393
1.61832 95.4054
1.62248 95.4178
1.62664 95.4301
1.6308 95.4424
1.63496 95.4545
1.63912 95.4667
1.64328 95.4787
1.64744 95.4907
1.6516 95.5026
1.65576 95.5145
1.65992 95.5263
1.66408 95.5381
1.66824 95.5497
1.6724 95.5614
1.67656 95.5729
1.68072 95.5844
1.68488 95.5959
1.68904 95.6072
1.6932 95.6186
1.69736 95.6298
1.70152 95.641
1.70568 95.6522
1.70984 95.6633
1.714 95.6743
1.71816 95.6853
1.72232 95.6962
1.72648 95.7071
1.73064 95.7179
1.7348 95.7286
1.73896 95.7393
1.74312 95.75
1.74728 95.7606
1.75144 95.7711
1.7556 95.7816
1.75976 95.7921
1.76392 95.8025
1.76808 95.8128
1.77224 95.8231
1.7764 95.8333
1.78056 95.8435
1.78472 95.8537
1.78888 95.8637
1.79304 95.8738
1.7972 95.8838
1.80136 95.8937
1.80552 95.9036
1.80968 95.9135
1.81384 95.9233
1.818 95.933
1.82216 95.9427
1.82632 95.9524
1.83048 95.962
1.83464 95.9716
1.8388 95.9811
1.84296 95.9906
1.84712 96
1.85128 96.0094
1.85544 96.0187
1.8596 96.028
1.86376 96.0373
1.86792 96.0465
1.87208 96.0557
1.87624 96.0648
1.8804 96.0739
1.88456 96.0829
1.88872 96.092
1.89288 96.1009
1.89704 96.1098
1.9012 96.1187
1.90536 96.1276
1.90952 96.1364
1.91368 96.1451
1.91784 96.1538
1.922 96.1625
1.92616 96.1712
1.93032 96.1798
1.93448 96.1883
1.93864 96.1969
1.9428 96.2054
1.94696 96.2138
1.95112 96.2222
1.95528 96.2306
1.95944 96.2389
1.9636 96.2472
1.96776 96.2555
1.97192 96.2637
1.97608 96.2719
1.98024 96.2801
1.9844 96.2882
1.98856 96.2963
1.99272 96.3043
1.99688 96.3124
2.00104 96.3203
2.0052 96.3283
2.00936 96.3362
2.01352 96.3441
2.01768 96.3519
2.02184 96.3597
2.026 96.3675
2.03016 96.3753
2.03432 96.383
2.03848 96.3907
2.04264 96.3983
2.0468 96.4059
2.05096 96.4135
2.05512 96.4211
2.05928 96.4286
2.06344 96.4361
2.0676 96.4435
2.07176 96.4509
2.07592 96.4583
2.08008 96.4657
2.08424 96.473
2.0884 96.4803
2.09256 96.4876
2.09672 96.4948
2.10088 96.5021
2.10504 96.5092
2.1092 96.5164
2.11336 96.5235
2.11752 96.5306
2.12168 96.5377
2.12584 96.5447
2.13 96.5517
2.13416 96.5587
2.13832 96.5657
2.14248 96.5726
2.14664 96.5795
2.1508 96.5863
2.15496 96.5932
2.15912 96.6
2.16328 96.6068
2.16744 96.6135
2.1716 96.6203
2.17576 96.627
2.17992 96.6337
2.18408 96.6403
2.18824 96.6469
2.1924 96.6535
2.19656 96.6601
2.20072 96.6667
2.20488 96.6732
2.20904 96.6797
2.2132 96.6862
2.21736 96.6926
2.22152 96.699
2.22568 96.7054
2.22984 96.7118
2.234 96.7181
2.23816 96.7245
2.24232 96.7308
2.24648 96.737
2.25064 96.7433
2.2548 96.7495
2.25896 96.7557
2.26312 96.7619
2.26728 96.7681
2.27144 96.7742
2.2756 96.7803
2.27976 96.7864
2.28392 96.7925
2.28808 96.7985
2.29224 96.8045
2.2964 96.8105
2.30056 96.8165
2.30472 96.8224
2.30888 96.8284
2.31304 96.8343
2.3172 96.8401
2.32136 96.846
2.32552 96.8519
2.32968 96.8577
2.33384 96.8635
2.338 96.8692
2.34216 96.875
2.34632 96.8807
2.35048 96.8864
2.35464 96.8921
2.3588 96.8978
2.36296 96.9035
2.36712 96.9091
2.37128 96.9147
2.37544 96.9203
2.3796 96.9259
2.38376 96.9314
2.38792 96.9369
2.39208 96.9424
2.39624 96.9479
2.4004 96.9534
2.40456 96.9589
2.40872 96.9643
2.41288 96.9697
2.41704 96.9751
2.4212 96.9805
2.42536 96.9858
2.42952 96.9912
2.43368 96.9965
2.43784 97.0018
2.442 97.007
2.44616 97.0123
2.45032 97.0175
2.45448 97.0228
2.45864 97.028
2.4628 97.0332
2.46696 97.0383
2.47112 97.0435
2.47528 97.0486
2.47944 97.0537
2.4836 97.0588
2.48776 97.0639
2.49192 97.069
2.49608 97.074
2.50024 97.079
2.5044 97.084
2.50856 97.089
2.51272 97.094
2.51688 97.099
2.52104 97.1039
2.5252 97.1088
2.52936 97.1138
2.53352 97.1186
2.53768 97.1235
2.54184 97.1284
2.546 97.1332
2.55016 97.138
2.55432 97.1429
2.55848 97.1477
2.56264 97.1524
2.5668 97.1572
2.57096 97.1619
2.57512 97.1667
2.57928 97.1714
2.58344 97.1761
2.5876 97.1808
2.59176 97.1854
2.59592 97.1901
2.60008 97.1947
2.60424 97.1993
2.6084 97.2039
2.61256 97.2085
2.61672 97.2131
2.62088 97.2177
2.62504 97.2222
2.6292 97.2268
2.63336 97.2313
2.63752 97.2358
2.64168 97.2403
2.64584 97.2447
2.65 97.2492
2.65416 97.2536
2.65832 97.2581
2.66248 97.2625
2.66664 97.2669
2.6708 97.2713
2.67496 97.2756
2.67912 97.28
2.68328 97.2843
2.68744 97.2887
2.6916 97.293
2.69576 97.2973
2.69992 97.3016
2.70408 97.3059
2.70824 97.3101
2.7124 97.3144
2.71656 97.3186
2.72072 97.3228
2.72488 97.327
2.72904 97.3312
2.7332 97.3354
2.73736 97.3396
2.74152 97.3438
2.74568 97.3479
2.74984 97.352
2.754 97.3561
2.75816 97.3602
2.76232 97.3643
2.76648 97.3684
2.77064 97.3725
2.7748 97.3765
2.77896 97.3806
2.78312 97.3846
2.78728 97.3886
2.79144 97.3926
2.7956 97.3966
2.79976 97.4006
2.80392 97.4046
2.80808 97.4085
2.81224 97.4125
2.8164 97.4164
2.82056 97.4203
2.82472 97.4242
2.82888 97.4281
2.83304 97.432
2.8372 97.4359
2.84136 97.4398
2.84552 97.4436
2.84968 97.4474
2.85384 97.4513
2.858 97.4551
2.86216 97.4589
2.86632 97.4627
2.87048 97.4665
2.87464 97.4702
2.8788 97.474
2.88296 97.4777
2.88712 97.4815
2.89128 97.4852
2.89544 97.4889
2.8996 97.4926
2.90376 97.4963
2.90792 97.5
2.91208 97.5037
2.91624 97.5073
2.9204 97.511
2.92456 97.5146
2.92872 97.5182
2.93288 97.5219
2.93704 97.5255
2.9412 97.5291
2.94536 97.5327
2.94952 97.5362
2.95368 97.5398
2.95784 97.5434
2.962 97.5469
2.96616 97.5504
2.97032 97.554
2.97448 97.5575
2.97864 97.561
2.9828 97.5645
2.98696 97.568
2.99112 97.5714
2.99528 97.5749
2.99944 97.5783
3.0036 97.5818
3.00776 97.5852
3.01192 97.5887
3.01608 97.5921
3.02024 97.5955
3.0244 97.5989
3.02856 97.6023
3.03272 97.6056
3.03688 97.609
3.04104 97.6124
3.0452 97.6157
3.04936 97.619
3.05352 97.6224
3.05768 97.6257
3.06184 97.629
3.066 97.6323
3.07016 97.6356
3.07432 97.6389
3.07848 97.6422
3.08264 97.6454
3.0868 97.6487
3.09096 97.6519
3.09512 97.6552
3.09928 97.6584
3.10344 97.6616
3.1076 97.6648
3.11176 97.668
3.11592 97.6712
3.12008 97.6744
3.12424 97.6776
3.1284 97.6808
3.13256 97.6839
3.13672 97.6871
3.14088 97.6902
3.14504 97.6934
3.1492 97.6965
3.15336 97.6996
3.15752 97.7027
3.16168 97.7058
3.16584 97.7089
3.17 97.712
3.17416 97.7151
3.17832 97.7181
3.18248 97.7212
3.18664 97.7242
3.1908 97.7273
3.19496 97.7303
3.19912 97.7333
3.20328 97.7364
3.20744 97.7394
3.2116 97.7424
3.21576 97.7454
3.21992 97.7483
3.22408 97.7513
3.22824 97.7543
3.2324 97.7573
3.23656 97.7602
3.24072 97.7632
3.24488 97.7661
3.24904 97.769
3.2532 97.772
3.25736 97.7749
3.26152 97.7778
3.26568 97.7807
3.26984 97.7836
3.274 97.7865
3.27816 97.7893
3.28232 97.7922
3.28648 97.7951
3.29064 97.7979
3.2948 97.8008
3.29896 97.8036
3.30312 97.8065
3.30728 97.8093
3.31144 97.8121
3.3156 97.8149
3.31976 97.8177
3.32392 97.8205
3.32808 97.8233
3.33224 97.8261
3.3364 97.8289
3.34056 97.8316
3.34472 97.8344
3.34888 97.8372
3.35304 97.8399
3.3572 97.8426
3.36136 97.8454
3.36552 97.8481
3.36968 97.8508
3.37384 97.8535
3.378 97.8562
3.38216 97.8589
3.38632 97.8616
3.39048 97.8643
3.39464 97.867
3.3988 97.8697
3.40296 97.8723
3.40712 97.875
3.41128 97.8777
3.41544 97.8803
3.4196 97.8829
3.42376 97.8856
3.42792 97.8882
3.43208 97.8908
3.43624 97.8934
3.4404 97.896
3.44456 97.8986
3.44872 97.9012
3.45288 97.9038
3.45704 97.9064
3.4612 97.909
3.46536 97.9115
3.46952 97.9141
3.47368 97.9167
3.47784 97.9192
3.482 97.9218
3.48616 97.9243
3.49032 97.9268
3.49448 97.9294
3.49864 97.9319
3.5028 97.9344
3.50696 97.9369
3.51112 97.9394
3.51528 97.9419
3.51944 97.9444
3.5236 97.9469
3.52776 97.9493
3.53192 97.9518
3.53608 97.9543
3.54024 97.9567
3.5444 97.9592
3.54856 97.9616
3.55272 97.9641
3.55688 97.9665
3.56104 97.9689
3.5652 97.9714
3.56936 97.9738
3.57352 97.9762
3.57768 97.9786
3.58184 97.981
3.586 97.9834
3.59016 97.9858
3.59432 97.9882
3.59848 97.9905
3.60264 97.9929
3.6068 97.9953
3.61096 97.9976
3.61512 98
3.61928 98.0024
3.62344 98.0047
3.6276 98.007
3.63176 98.0094
3.63592 98.0117
3.64008 98.014
3.64424 98.0163
3.6484 98.0186
3.65256 98.021
3.65672 98.0233
3.66088 98.0256
3.66504 98.0278
3.6692 98.0301
3.67336 98.0324
3.67752 98.0347
3.68168 98.037
3.68584 98.0392
3.69 98.0415
3.69416 98.0437
3.69832 98.046
3.70248 98.0482
3.70664 98.0505
3.7108 98.0527
3.71496 98.0549
3.71912 98.0571
3.72328 98.0594
3.72744 98.0616
3.7316 98.0638
3.73576 98.066
3.73992 98.0682
3.74408 98.0704
3.74824 98.0726
3.7524 98.0747
3.75656 98.0769
3.76072 98.0791
3.76488 98.0813
3.76904 98.0834
3.7732 98.0856
3.77736 98.0877
3.78152 98.0899
3.78568 98.092
3.78984 98.0942
3.794 98.0963
3.79816 98.0984
3.80232 98.1006
3.80648 98.1027
3.81064 98.1048
3.8148 98.1069
3.81896 98.109
3.82312 98.1111
3.82728 98.1132
3.83144 98.1153
3.8356 98.1174
3.83976 98.1195
3.84392 98.1215
3.84808 98.1236
3.85224 98.1257
3.8564 98.1278
3.86056 98.1298
3.86472 98.1319
3.86888 98.1339
3.87304 98.136
3.8772 98.138
3.88136 98.14
3.88552 98.1421
3.88968 98.1441
3.89384 98.1461
3.898 98.1481
3.90216 98.1502
3.90632 98.1522
3.91048 98.1542
3.91464 98.1562
3.9188 98.1582
3.92296 98.1602
3.92712 98.1622
3.93128 98.1641
3.93544 98.1661
3.9396 98.1681
3.94376 98.1701
3.94792 98.172
3.95208 98.174
3.95624 98.176
3.9604 98.1779
3.96456 98.1799
3.96872 98.1818
3.97288 98.1838
3.97704 98.1857
3.9812 98.1876
3.98536 98.1896
3.98952 98.1915
3.99368 98.1934
3.99784 98.1953
4.002 98.1972
4.00616 98.1992
4.01032 98.2011
4.01448 98.203
4.01864 98.2049
4.0228 98.2068
4.02696 98.2086
4.03112 98.2105
4.03528 98.2124
4.03944 98.2143
4.0436 98.2162
4.04776 98.218
4.05192 98.2199
4.05608 98.2218
4.06024 98.2236
4.0644 98.2255
4.06856 98.2273
4.07272 98.2292
4.07688 98.231
4.08104 98.2328
4.0852 98.2347
4.08936 98.2365
4.09352 98.2383
4.09768 98.2402
4.10184 98.242
4.106 98.2438
4.11016 98.2456
4.11432 98.2474
4.11848 98.2492
4.12264 98.251
4.1268 98.2528
4.13096 98.2546
4.13512 98.2564
4.13928 98.2582
4.14344 98.26
4.1476 98.2618
4.15176 98.2635
4.15592 98.2653
4.16008 98.2671
4.16424 98.2688
4.1684 98.2706
4.17256 98.2724
4.17672 98.2741
4.18088 98.2759
4.18504 98.2776
4.1892 98.2794
4.19336 98.2811
4.19752 98.2828
4.20168 98.2846
4.20584 98.2863
4.21 98.288
4.21416 98.2897
4.21832 98.2915
4.22248 98.2932
4.22664 98.2949
4.2308 98.2966
4.23496 98.2983
4.23912 98.3
4.24328 98.3017
4.24744 98.3034
4.2516 98.3051
4.25576 98.3068
4.25992 98.3085
4.26408 98.3101
4.26824 98.3118
4.2724 98.3135
4.27656 98.3152
4.28072 98.3168
4.28488 98.3185
4.28904 98.3202
4.2932 98.3218
4.29736 98.3235
4.30152 98.3251
4.30568 98.3268
4.30984 98.3284
4.314 98.3301
4.31816 98.3317
4.32232 98.3333
4.32648 98.335
4.33064 98.3366
4.3348 98.3382
4.33896 98.3398
4.34312 98.3415
4.34728 98.3431
4.35144 98.3447
4.3556 98.3463
4.35976 98.3479
4.36392 98.3495
4.36808 98.3511
4.37224 98.3527
4.3764 98.3543
4.38056 98.3559
4.38472 98.3575
4.38888 98.3591
4.39304 98.3607
4.3972 98.3622
4.40136 98.3638
4.40552 98.3654
4.40968 98.367
4.41384 98.3685
4.418 98.3701
4.42216 98.3716
4.42632 98.3732
4.43048 98.3748
4.43464 98.3763
4.4388 98.3779
4.44296 98.3794
4.44712 98.381
4.45128 98.3825
4.45544 98.384
4.4596 98.3856
4.46376 98.3871
4.46792 98.3886
4.47208 98.3902
4.47624 98.3917
4.4804 98.3932
4.48456 98.3947
4.48872 98.3962
4.49288 98.3977
4.49704 98.3992
4.5012 98.4008
4.50536 98.4023
4.50952 98.4038
4.51368 98.4053
4.51784 98.4067
4.522 98.4082
4.52616 98.4097
4.53032 98.4112
4.53448 98.4127
4.53864 98.4142
4.5428 98.4157
4.54696 98.4171
4.55112 98.4186
4.55528 98.4201
4.55944 98.4215
4.5636 98.423
4.56776 98.4245
4.57192 98.4259
4.57608 98.4274
4.58024 98.4288
4.5844 98.4303
4.58856 98.4317
4.59272 98.4332
4.59688 98.4346
4.60104 98.4361
4.6052 98.4375
4.60936 98.4389
4.61352 98.4404
4.61768 98.4418
4.62184 98.4432
4.626 98.4446
4.63016 98.4461
4.63432 98.4475
4.63848 98.4489
4.64264 98.4503
4.6468 98.4517
4.65096 98.4531
4.65512 98.4545
4.65928 98.4559
4.66344 98.4574
4.6676 98.4587
4.67176 98.4601
4.67592 98.4615
4.68008 98.4629
4.68424 98.4643
4.6884 98.4657
4.69256 98.4671
4.69672 98.4685
4.70088 98.4698
4.70504 98.4712
4.7092 98.4726
4.71336 98.474
4.71752 98.4753
4.72168 98.4767
4.72584 98.4781
4.73 98.4794
4.73416 98.4808
4.73832 98.4821
4.74248 98.4835
4.74664 98.4848
4.7508 98.4862
4.75496 98.4875
4.75912 98.4889
4.76328 98.4902
4.76744 98.4916
4.7716 98.4929
4.77576 98.4942
4.77992 98.4956
4.78408 98.4969
4.78824 98.4982
4.7924 98.4996
4.79656 98.5009
4.80072 98.5022
4.80488 98.5035
4.80904 98.5048
4.8132 98.5062
4.81736 98.5075
4.82152 98.5088
4.82568 98.5101
4.82984 98.5114
4.834 98.5127
4.83816 98.514
4.84232 98.5153
4.84648 98.5166
4.85064 98.5179
4.8548 98.5192
4.85896 98.5205
4.86312 98.5217
4.86728 98.523
4.87144 98.5243
4.8756 98.5256
4.87976 98.5269
4.88392 98.5281
4.88808 98.5294
4.89224 98.5307
4.8964 98.532
4.90056 98.5332
4.90472 98.5345
4.90888 98.5357
4.91304 98.537
4.9172 98.5383
4.92136 98.5395
4.92552 98.5408
4.92968 98.542
4.93384 98.5433
4.938 98.5445
4.94216 98.5458
4.94632 98.547
4.95048 98.5482
4.95464 98.5495
4.9588 98.5507
4.96296 98.552
4.96712 98.5532
4.97128 98.5544
4.97544 98.5556
4.9796 98.5569
4.98376 98.5581
4.98792 98.5593
4.99208 98.5605
4.99624 98.5618
5.0004 98.563
5.00456 98.5642
5.00872 98.5654
5.01288 98.5666
5.01704 98.5678
5.0212 98.569
5.02536 98.5702
5.02952 98.5714
5.03368 98.5726
5.03784 98.5738
5.042 98.575
5.04616 98.5762
5.05032 98.5774
5.05448 98.5786
5.05864 98.5798
5.0628 98.581
5.06696 98.5822
5.07112 98.5833
5.07528 98.5845
5.07944 98.5857
5.0836 98.5869
5.08776 98.588
5.09192 98.5892
5.09608 98.5904
5.10024 98.5915
5.1044 98.5927
5.10856 98.5939
5.11272 98.595
5.11688 98.5962
5.12104 98.5974
5.1252 98.5985
5.12936 98.5997
5.13352 98.6008
5.13768 98.602
5.14184 98.6031
5.146 98.6043
5.15016 98.6054
5.15432 98.6066
5.15848 98.6077
5.16264 98.6088
5.1668 98.61
5.17096 98.6111
5.17512 98.6122
5.17928 98.6134
5.18344 98.6145
5.1876 98.6156
5.19176 98.6168
5.19592 98.6179
5.20008 98.619
5.20424 98.6201
5.2084 98.6212
5.21256 98.6224
5.21672 98.6235
5.22088 98.6246
5.22504 98.6257
5.2292 98.6268
5.23336 98.6279
5.23752 98.629
5.24168 98.6301
5.24584 98.6312
5.25 98.6323
5.25416 98.6334
5.25832 98.6345
5.26248 98.6356
5.26664 98.6367
5.2708 98.6378
5.27496 98.6389
5.27912 98.64
5.28328 98.6411
5.28744 98.6422
5.2916 98.6433
5.29576 98.6443
5.29992 98.6454
5.30408 98.6465
5.30824 98.6476
5.3124 98.6486
5.31656 98.6497
5.32072 98.6508
5.32488 98.6519
5.32904 98.6529
5.3332 98.654
5.33736 98.6551
5.34152 98.6561
5.34568 98.6572
5.34984 98.6582
5.354 98.6593
5.35816 98.6604
5.36232 98.6614
5.36648 98.6625
5.37064 98.6635
5.3748 98.6646
5.37896 98.6656
5.38312 98.6667
5.38728 98.6677
5.39144 98.6688
5.3956 98.6698
5.39976 98.6708
5.40392 98.6719
5.40808 98.6729
5.41224 98.6739
5.4164 98.675
5.42056 98.676
5.42472 98.677
5.42888 98.6781
5.43304 98.6791
5.4372 98.6801
5.44136 98.6811
5.44552 98.6822
5.44968 98.6832
5.45384 98.6842
5.458 98.6852
5.46216 98.6862
5.46632 98.6873
5.47048 98.6883
5.47464 98.6893
5.4788 98.6903
5.48296 98.6913
5.48712 98.6923
5.49128 98.6933
5.49544 98.6943
5.4996 98.6953
5.50376 98.6963
5.50792 98.6973
5.51208 98.6983
5.51624 98.6993
5.5204 98.7003
5.52456 98.7013
5.52872 98.7023
5.53288 98.7033
5.53704 98.7043
5.5412 98.7053
5.54536 98.7062
5.54952 98.7072
5.55368 98.7082
5.55784 98.7092
5.562 98.7102
5.56616 98.7111
5.57032 98.7121
5.57448 98.7131
5.57864 98.7141
5.5828 98.715
5.58696 98.716
5.59112 98.717
5.59528 98.7179
5.59944 98.7189
5.6036 98.7199
5.60776 98.7208
5.61192 98.7218
5.61608 98.7228
5.62024 98.7237
5.6244 98.7247
5.62856 98.7256
5.63272 98.7266
5.63688 98.7275
5.64104 98.7285
5.6452 98.7294
5.64936 98.7304
5.65352 98.7313
5.65768 98.7323
5.66184 98.7332
5.666 98.7342
5.67016 98.7351
5.67432 98.7361
5.67848 98.737
5.68264 98.7379
5.6868 98.7389
5.69096 98.7398
5.69512 98.7407
5.69928 98.7417
5.70344 98.7426
5.7076 98.7435
5.71176 98.7445
5.71592 98.7454
5.72008 98.7463
5.72424 98.7472
5.7284 98.7482
5.73256 98.7491
5.73672 98.75
5.74088 98.7509
5.74504 98.7518
5.7492 98.7528
5.75336 98.7537
5.75752 98.7546
5.76168 98.7555
5.76584 98.7564
5.77 98.7573
5.77416 98.7582
5.77832 98.7591
5.78248 98.76
5.78664 98.7609
5.7908 98.7618
5.79496 98.7627
5.79912 98.7636
5.80328 98.7645
5.80744 98.7654
5.8116 98.7663
5.81576 98.7672
5.81992 98.7681
5.82408 98.769
5.82824 98.7699
5.8324 98.7708
5.83656 98.7717
5.84072 98.7726
5.84488 98.7734
5.84904 98.7743
5.8532 98.7752
5.85736 98.7761
5.86152 98.777
5.86568 98.7779
5.86984 98.7787
5.874 98.7796
5.87816 98.7805
5.88232 98.7814
5.88648 98.7822
5.89064 98.7831
5.8948 98.784
5.89896 98.7848
5.90312 98.7857
5.90728 98.7866
5.91144 98.7874
5.9156 98.7883
5.91976 98.7892
5.92392 98.79
5.92808 98.7909
5.93224 98.7918
5.9364 98.7926
5.94056 98.7935
5.94472 98.7943
5.94888 98.7952
5.95304 98.796
5.9572 98.7969
5.96136 98.7977
5.96552 98.7986
5.96968 98.7994
5.97384 98.8003
5.978 98.8011
5.98216 98.802
5.98632 98.8028
5.99048 98.8037
5.99464 98.8045
5.9988 98.8053
6.00296 98.8062
6.00712 98.807
6.01128 98.8079
6.01544 98.8087
6.0196 98.8095
6.02376 98.8104
6.02792 98.8112
6.03208 98.812
6.03624 98.8128
6.0404 98.8137
6.04456 98.8145
6.04872 98.8153
6.05288 98.8162
6.05704 98.817
6.0612 98.8178
6.06536 98.8186
6.06952 98.8194
6.07368 98.8203
6.07784 98.8211
6.082 98.8219
6.08616 98.8227
6.09032 98.8235
6.09448 98.8243
6.09864 98.8252
6.1028 98.826
6.10696 98.8268
6.11112 98.8276
6.11528 98.8284
6.11944 98.8292
6.1236 98.83
6.12776 98.8308
6.13192 98.8316
6.13608 98.8324
6.14024 98.8332
6.1444 98.834
6.14856 98.8348
6.15272 98.8356
6.15688 98.8364
6.16104 98.8372
6.1652 98.838
6.16936 98.8388
6.17352 98.8396
6.17768 98.8404
6.18184 98.8412
6.186 98.842
6.19016 98.8428
6.19432 98.8435
6.19848 98.8443
6.20264 98.8451
6.2068 98.8459
6.21096 98.8467
6.21512 98.8475
6.21928 98.8482
6.22344 98.849
6.2276 98.8498
6.23176 98.8506
6.23592 98.8514
6.24008 98.8521
6.24424 98.8529
6.2484 98.8537
6.25256 98.8544
6.25672 98.8552
6.26088 98.856
6.26504 98.8568
6.2692 98.8575
6.27336 98.8583
6.27752 98.8591
6.28168 98.8598
6.28584 98.8606
6.29 98.8614
6.29416 98.8621
6.29832 98.8629
6.30248 98.8636
6.30664 98.8644
6.3108 98.8652
6.31496 98.8659
6.31912 98.8667
6.32328 98.8674
6.32744 98.8682
6.3316 98.8689
6.33576 98.8697
6.33992 98.8704
6.34408 98.8712
6.34824 98.8719
6.3524 98.8727
6.35656 98.8734
6.36072 98.8742
6.36488 98.8749
6.36904 98.8757
6.3732 98.8764
6.37736 98.8771
6.38152 98.8779
6.38568 98.8786
6.38984 98.8794
6.394 98.8801
6.39816 98.8808
6.40232 98.8816
6.40648 98.8823
6.41064 98.883
6.4148 98.8838
6.41896 98.8845
6.42312 98.8852
6.42728 98.886
6.43144 98.8867
6.4356 98.8874
6.43976 98.8882
6.44392 98.8889
6.44808 98.8896
6.45224 98.8903
6.4564 98.8911
6.46056 98.8918
6.46472 98.8925
6.46888 98.8932
6.47304 98.8939
6.4772 98.8947
6.48136 98.8954
6.48552 98.8961
6.48968 98.8968
6.49384 98.8975
6.498 98.8983
6.50216 98.899
6.50632 98.8997
6.51048 98.9004
6.51464 98.9011
6.5188 98.9018
6.52296 98.9025
6.52712 98.9032
6.53128 98.9039
6.53544 98.9046
6.5396 98.9053
6.54376 98.906
6.54792 98.9068
6.55208 98.9075
6.55624 98.9082
6.5604 98.9089
6.56456 98.9096
6.56872 98.9103
6.57288 98.911
6.57704 98.9117
6.5812 98.9123
6.58536 98.913
6.58952 98.9137
6.59368 98.9144
6.59784 98.9151
6.602 98.9158
6.60616 98.9165
6.61032 98.9172
6.61448 98.9179
6.61864 98.9186
6.6228 98.9193
6.62696 98.9199
6.63112 98.9206
6.63528 98.9213
6.63944 98.922
6.6436 98.9227
6.64776 98.9234
6.65192 98.9241
6.65608 98.9247
6.66024 98.9254
6.6644 98.9261
6.66856 98.9268
6.67272 98.9274
6.67688 98.9281
6.68104 98.9288
6.6852 98.9295
6.68936 98.9301
6.69352 98.9308
6.69768 98.9315
6.70184 98.9322
6.706 98.9328
6.71016 98.9335
6.71432 98.9342
6.71848 98.9348
6.72264 98.9355
6.7268 98.9362
6.73096 98.9368
6.73512 98.9375
6.73928 98.9382
6.74344 98.9388
6.7476 98.9395
6.75176 98.9401
6.75592 98.9408
6.76008 98.9415
6.76424 98.9421
6.7684 98.9428
6.77256 98.9434
6.77672 98.9441
6.78088 98.9448
6.78504 98.9454
6.7892 98.9461
6.79336 98.9467
6.79752 98.9474
6.80168 98.948
6.80584 98.9487
6.81 98.9493
6.81416 98.95
6.81832 98.9506
6.82248 98.9513
6.82664 98.9519
6.8308 98.9526
6.83496 98.9532
6.83912 98.9538
6.84328 98.9545
6.84744 98.9551
6.8516 98.9558
6.85576 98.9564
6.85992 98.9571
6.86408 98.9577
6.86824 98.9583
6.8724 98.959
6.87656 98.9596
6.88072 98.9602
6.88488 98.9609
6.88904 98.9615
6.8932 98.9621
6.89736 98.9628
6.90152 98.9634
6.90568 98.964
6.90984 98.9647
6.914 98.9653
6.91816 98.9659
6.92232 98.9666
6.92648 98.9672
6.93064 98.9678
6.9348 98.9684
6.93896 98.9691
6.94312 98.9697
6.94728 98.9703
6.95144 98.9709
6.9556 98.9716
6.95976 98.9722
6.96392 98.9728
6.96808 98.9734
6.97224 98.974
6.9764 98.9747
6.98056 98.9753
6.98472 98.9759
6.98888 98.9765
6.99304 98.9771
6.9972 98.9778
7.00136 98.9784
7.00552 98.979
7.00968 98.9796
7.01384 98.9802
7.018 98.9808
7.02216 98.9814
7.02632 98.982
7.03048 98.9826
7.03464 98.9833
7.0388 98.9839
7.04296 98.9845
7.04712 98.9851
7.05128 98.9857
7.05544 98.9863
7.0596 98.9869
7.06376 98.9875
7.06792 98.9881
7.07208 98.9887
7.07624 98.9893
7.0804 98.9899
7.08456 98.9905
7.08872 98.9911
7.09288 98.9917
7.09704 98.9923
7.1012 98.9929
7.10536 98.9935
7.10952 98.9941
7.11368 98.9947
7.11784 98.9953
7.122 98.9959
7.12616 98.9965
7.13032 98.9971
7.13448 98.9976
7.13864 98.9982
7.1428 98.9988
7.14696 98.9994
7.15112 99
7.15528 99.0006
7.15944 99.0012
7.1636 99.0018
7.16776 99.0023
7.17192 99.0029
7.17608 99.0035
7.18024 99.0041
7.1844 99.0047
7.18856 99.0053
7.19272 99.0058
7.19688 99.0064
7.20104 99.007
7.2052 99.0076
7.20936 99.0082
7.21352 99.0087
7.21768 99.0093
7.22184 99.0099
7.226 99.0105
7.23016 99.0111
7.23432 99.0116
7.23848 99.0122
7.24264 99.0128
7.2468 99.0133
7.25096 99.0139
7.25512 99.0145
7.25928 99.0151
7.26344 99.0156
7.2676 99.0162
7.27176 99.0168
7.27592 99.0173
7.28008 99.0179
7.28424 99.0185
7.2884 99.019
7.29256 99.0196
7.29672 99.0202
7.30088 99.0207
7.30504 99.0213
7.3092 99.0219
7.31336 99.0224
7.31752 99.023
7.32168 99.0235
7.32584 99.0241
7.33 99.0247
7.33416 99.0252
7.33832 99.0258
7.34248 99.0263
7.34664 99.0269
7.3508 99.0275
7.35496 99.028
7.35912 99.0286
7.36328 99.0291
7.36744 99.0297
7.3716 99.0302
7.37576 99.0308
7.37992 99.0313
7.38408 99.0319
7.38824 99.0324
7.3924 99.033
7.39656 99.0335
7.40072 99.0341
7.40488 99.0346
7.40904 99.0352
7.4132 99.0357
7.41736 99.0363
7.42152 99.0368
7.42568 99.0374
7.42984 99.0379
7.434 99.0385
7.43816 99.039
7.44232 99.0395
7.44648 99.0401
7.45064 99.0406
7.4548 99.0412
7.45896 99.0417
7.46312 99.0423
7.46728 99.0428
7.47144 99.0433
7.4756 99.0439
7.47976 99.0444
7.48392 99.0449
7.48808 99.0455
7.49224 99.046
7.4964 99.0466
7.50056 99.0471
7.50472 99.0476
7.50888 99.0482
7.51304 99.0487
7.5172 99.0492
7.52136 99.0497
7.52552 99.0503
7.52968 99.0508
7.53384 99.0513
7.538 99.0519
7.54216 99.0524
7.54632 99.0529
7.55048 99.0535
7.55464 99.054
7.5588 99.0545
7.56296 99.055
7.56712 99.0556
7.57128 99.0561
7.57544 99.0566
7.5796 99.0571
7.58376 99.0576
7.58792 99.0582
7.59208 99.0587
7.59624 99.0592
7.6004 99.0597
7.60456 99.0603
7.60872 99.0608
7.61288 99.0613
7.61704 99.0618
7.6212 99.0623
7.62536 99.0628
7.62952 99.0634
7.63368 99.0639
7.63784 99.0644
7.642 99.0649
7.64616 99.0654
7.65032 99.0659
7.65448 99.0664
7.65864 99.067
7.6628 99.0675
7.66696 99.068
7.67112 99.0685
7.67528 99.069
7.67944 99.0695
7.6836 99.07
7.68776 99.0705
7.69192 99.071
7.69608 99.0715
7.70024 99.0721
7.7044 99.0726
7.70856 99.0731
7.71272 99.0736
7.71688 99.0741
7.72104 99.0746
7.7252 99.0751
7.72936 99.0756
7.73352 99.0761
7.73768 99.0766
7.74184 99.0771
7.746 99.0776
7.75016 99.0781
7.75432 99.0786
7.75848 99.0791
7.76264 99.0796
7.7668 99.0801
7.77096 99.0806
7.77512 99.0811
7.77928 99.0816
7.78344 99.0821
7.7876 99.0826
7.79176 99.0831
7.79592 99.0836
7.80008 99.0841
7.80424 99.0845
7.8084 99.085
7.81256 99.0855
7.81672 99.086
7.82088 99.0865
7.82504 99.087
7.8292 99.0875
7.83336 99.088
7.83752 99.0885
7.84168 99.089
7.84584 99.0894
7.85 99.0899
7.85416 99.0904
7.85832 99.0909
7.86248 99.0914
7.86664 99.0919
7.8708 99.0924
7.87496 99.0928
7.87912 99.0933
7.88328 99.0938
7.88744 99.0943
7.8916 99.0948
7.89576 99.0953
7.89992 99.0957
7.90408 99.0962
7.90824 99.0967
7.9124 99.0972
7.91656 99.0977
7.92072 99.0981
7.92488 99.0986
7.92904 99.0991
7.9332 99.0996
7.93736 99.1001
7.94152 99.1005
7.94568 99.101
7.94984 99.1015
7.954 99.102
7.95816 99.1024
7.96232 99.1029
7.96648 99.1034
7.97064 99.1038
7.9748 99.1043
7.97896 99.1048
7.98312 99.1053
7.98728 99.1057
7.99144 99.1062
7.9956 99.1067
7.99976 99.1071
8.00392 99.1076
8.00808 99.1081
8.01224 99.1085
8.0164 99.109
8.02056 99.1095
8.02472 99.1099
8.02888 99.1104
8.03304 99.1109
8.0372 99.1113
8.04136 99.1118
8.04552 99.1123
8.04968 99.1127
8.05384 99.1132
8.058 99.1137
8.06216 99.1141
8.06632 99.1146
8.07048 99.115
8.07464 99.1155
8.0788 99.116
8.08296 99.1164
8.08712 99.1169
8.09128 99.1173
8.09544 99.1178
8.0996 99.1183
8.10376 99.1187
8.10792 99.1192
8.11208 99.1196
8.11624 99.1201
8.1204 99.1205
8.12456 99.121
8.12872 99.1214
8.13288 99.1219
8.13704 99.1224
8.1412 99.1228
8.14536 99.1233
8.14952 99.1237
8.15368 99.1242
8.15784 99.1246
8.162 99.1251
8.16616 99.1255
8.17032 99.126
8.17448 99.1264
8.17864 99.1269
8.1828 99.1273
8.18696 99.1278
8.19112 99.1282
8.19528 99.1287
8.19944 99.1291
8.2036 99.1295
8.20776 99.13
8.21192 99.1304
8.21608 99.1309
8.22024 99.1313
8.2244 99.1318
8.22856 99.1322
8.23272 99.1327
8.23688 99.1331
8.24104 99.1335
8.2452 99.134
8.24936 99.1344
8.25352 99.1349
8.25768 99.1353
8.26184 99.1357
8.266 99.1362
8.27016 99.1366
8.27432 99.1371
8.27848 99.1375
8.28264 99.1379
8.2868 99.1384
8.29096 99.1388
8.29512 99.1392
8.29928 99.1397
8.30344 99.1401
8.3076 99.1405
8.31176 99.141
8.31592 99.1414
8.32008 99.1418
8.32424 99.1423
8.3284 99.1427
8.33256 99.1431
8.33672 99.1436
8.34088 99.144
8.34504 99.1444
8.3492 99.1449
8.35336 99.1453
8.35752 99.1457
8.36168 99.1462
8.36584 99.1466
8.37 99.147
8.37416 99.1474
8.37832 99.1479
8.38248 99.1483
8.38664 99.1487
8.3908 99.1491
8.39496 99.1496
8.39912 99.15
8.40328 99.1504
8.40744 99.1508
8.4116 99.1513
8.41576 99.1517
8.41992 99.1521
8.42408 99.1525
8.42824 99.153
8.4324 99.1534
8.43656 99.1538
8.44072 99.1542
8.44488 99.1546
8.44904 99.1551
8.4532 99.1555
8.45736 99.1559
8.46152 99.1563
8.46568 99.1567
8.46984 99.1572
8.474 99.1576
8.47816 99.158
8.48232 99.1584
8.48648 99.1588
8.49064 99.1592
8.4948 99.1597
8.49896 99.1601
8.50312 99.1605
8.50728 99.1609
8.51144 99.1613
8.5156 99.1617
8.51976 99.1621
8.52392 99.1626
8.52808 99.163
8.53224 99.1634
8.5364 99.1638
8.54056 99.1642
8.54472 99.1646
8.54888 99.165
8.55304 99.1654
8.5572 99.1658
8.56136 99.1663
8.56552 99.1667
8.56968 99.1671
8.57384 99.1675
8.578 99.1679
8.58216 99.1683
8.58632 99.1687
8.59048 99.1691
8.59464 99.1695
8.5988 99.1699
8.60296 99.1703
8.60712 99.1707
8.61128 99.1711
8.61544 99.1715
8.6196 99.1719
8.62376 99.1723
8.62792 99.1727
8.63208 99.1732
8.63624 99.1736
8.6404 99.174
8.64456 99.1744
8.64872 99.1748
8.65288 99.1752
8.65704 99.1756
8.6612 99.176
8.66536 99.1764
8.66952 99.1768
8.67368 99.1772
8.67784 99.1776
8.682 99.1779
8.68616 99.1783
8.69032 99.1787
8.69448 99.1791
8.69864 99.1795
8.7028 99.1799
8.70696 99.1803
8.71112 99.1807
8.71528 99.1811
8.71944 99.1815
8.7236 99.1819
8.72776 99.1823
8.73192 99.1827
8.73608 99.1831
8.74024 99.1835
8.7444 99.1839
8.74856 99.1843
8.75272 99.1847
8.75688 99.185
8.76104 99.1854
8.7652 99.1858
8.76936 99.1862
8.77352 99.1866
8.77768 99.187
8.78184 99.1874
8.786 99.1878
8.79016 99.1882
8.79432 99.1885
8.79848 99.1889
8.80264 99.1893
8.8068 99.1897
8.81096 99.1901
8.81512 99.1905
8.81928 99.1909
8.82344 99.1912
8.8276 99.1916
8.83176 99.192
8.83592 99.1924
8.84008 99.1928
8.84424 99.1932
8.8484 99.1935
8.85256 99.1939
8.85672 99.1943
8.86088 99.1947
8.86504 99.1951
8.8692 99.1955
8.87336 99.1958
8.87752 99.1962
8.88168 99.1966
8.88584 99.197
8.89 99.1974
8.89416 99.1977
8.89832 99.1981
8.90248 99.1985
8.90664 99.1989
8.9108 99.1992
8.91496 99.1996
8.91912 99.2
8.92328 99.2004
8.92744 99.2008
8.9316 99.2011
8.93576 99.2015
8.93992 99.2019
8.94408 99.2023
8.94824 99.2026
8.9524 99.203
8.95656 99.2034
8.96072 99.2037
8.96488 99.2041
8.96904 99.2045
8.9732 99.2049
8.97736 99.2052
8.98152 99.2056
8.98568 99.206
8.98984 99.2063
8.994 99.2067
8.99816 99.2071
9.00232 99.2075
9.00648 99.2078
9.01064 99.2082
9.0148 99.2086
9.01896 99.2089
9.02312 99.2093
9.02728 99.2097
9.03144 99.21
9.0356 99.2104
9.03976 99.2108
9.04392 99.2111
9.04808 99.2115
9.05224 99.2119
9.0564 99.2122
9.06056 99.2126
9.06472 99.213
9.06888 99.2133
9.07304 99.2137
9.0772 99.2141
9.08136 99.2144
9.08552 99.2148
9.08968 99.2151
9.09384 99.2155
9.098 99.2159
9.10216 99.2162
9.10632 99.2166
9.11048 99.217
9.11464 99.2173
9.1188 99.2177
9.12296 99.218
9.12712 99.2184
9.13128 99.2188
9.13544 99.2191
9.1396 99.2195
9.14376 99.2198
9.14792 99.2202
9.15208 99.2205
9.15624 99.2209
9.1604 99.2213
9.16456 99.2216
9.16872 99.222
9.17288 99.2223
9.17704 99.2227
9.1812 99.223
9.18536 99.2234
9.18952 99.2237
9.19368 99.2241
9.19784 99.2245
9.202 99.2248
9.20616 99.2252
9.21032 99.2255
9.21448 99.2259
9.21864 99.2262
9.2228 99.2266
9.22696 99.2269
9.23112 99.2273
9.23528 99.2276
9.23944 99.228
9.2436 99.2283
9.24776 99.2287
9.25192 99.229
9.25608 99.2294
9.26024 99.2297
9.2644 99.2301
9.26856 99.2304
9.27272 99.2308
9.27688 99.2311
9.28104 99.2315
9.2852 99.2318
9.28936 99.2322
9.29352 99.2325
9.29768 99.2329
9.30184 99.2332
9.306 99.2335
9.31016 99.2339
9.31432 99.2342
9.31848 99.2346
9.32264 99.2349
9.3268 99.2353
9.33096 99.2356
9.33512 99.236
9.33928 99.2363
9.34344 99.2366
9.3476 99.237
9.35176 99.2373
9.35592 99.2377
9.36008 99.238
9.36424 99.2384
9.3684 99.2387
9.37256 99.239
9.37672 99.2394
9.38088 99.2397
9.38504 99.2401
9.3892 99.2404
9.39336 99.2407
9.39752 99.2411
9.40168 99.2414
9.40584 99.2417
9.41 99.2421
9.41416 99.2424
9.41832 99.2428
9.42248 99.2431
9.42664 99.2434
9.4308 99.2438
9.43496 99.2441
9.43912 99.2444
9.44328 99.2448
9.44744 99.2451
9.4516 99.2455
9.45576 99.2458
9.45992 99.2461
9.46408 99.2465
9.46824 99.2468
9.4724 99.2471
9.47656 99.2475
9.48072 99.2478
9.48488 99.2481
9.48904 99.2485
9.4932 99.2488
9.49736 99.2491
9.50152 99.2494
9.50568 99.2498
9.50984 99.2501
9.514 99.2504
9.51816 99.2508
9.52232 99.2511
9.52648 99.2514
9.53064 99.2518
9.5348 99.2521
9.53896 99.2524
9.54312 99.2527
9.54728 99.2531
9.55144 99.2534
9.5556 99.2537
9.55976 99.2541
9.56392 99.2544
9.56808 99.2547
9.57224 99.255
9.5764 99.2554
9.58056 99.2557
9.58472 99.256
9.58888 99.2563
9.59304 99.2567
9.5972 99.257
9.60136 99.2573
9.60552 99.2576
9.60968 99.258
9.61384 99.2583
9.618 99.2586
9.62216 99.2589
9.62632 99.2593
9.63048 99.2596
9.63464 99.2599
9.6388 99.2602
9.64296 99.2605
9.64712 99.2609
9.65128 99.2612
9.65544 99.2615
9.6596 99.2618
9.66376 99.2622
9.66792 99.2625
9.67208 99.2628
9.67624 99.2631
9.6804 99.2634
9.68456 99.2638
9.68872 99.2641
9.69288 99.2644
9.69704 99.2647
9.7012 99.265
9.70536 99.2653
9.70952 99.2657
9.71368 99.266
9.71784 99.2663
9.722 99.2666
9.72616 99.2669
9.73032 99.2672
9.73448 99.2676
9.73864 99.2679
9.7428 99.2682
9.74696 99.2685
9.75112 99.2688
9.75528 99.2691
9.75944 99.2694
9.7636 99.2698
9.76776 99.2701
9.77192 99.2704
9.77608 99.2707
9.78024 99.271
9.7844 99.2713
9.78856 99.2716
9.79272 99.2719
9.79688 99.2723
9.80104 99.2726
9.8052 99.2729
9.80936 99.2732
9.81352 99.2735
9.81768 99.2738
9.82184 99.2741
9.826 99.2744
9.83016 99.2747
9.83432 99.2751
9.83848 99.2754
9.84264 99.2757
9.8468 99.276
9.85096 99.2763
9.85512 99.2766
9.85928 99.2769
9.86344 99.2772
9.8676 99.2775
9.87176 99.2778
9.87592 99.2781
9.88008 99.2784
9.88424 99.2787
9.8884 99.2791
9.89256 99.2794
9.89672 99.2797
9.90088 99.28
9.90504 99.2803
9.9092 99.2806
9.91336 99.2809
9.91752 99.2812
9.92168 99.2815
9.92584 99.2818
9.93 99.2821
9.93416 99.2824
9.93832 99.2827
9.94248 99.283
9.94664 99.2833
9.9508 99.2836
9.95496 99.2839
9.95912 99.2842
9.96328 99.2845
9.96744 99.2848
9.9716 99.2851
9.97576 99.2854
9.97992 99.2857
9.98408 99.286
9.98824 99.2863
9.9924 99.2866
9.99656 99.2869
